   0.0000000000000000                    (2.0000000000000000,0.0000000000000000)
  0.40000000000000002                    (1.6127935374093136,0.0000000000000000)
  0.80000000000000004                   (0.30898070765696595,0.0000000000000000)
   1.2000000000000002                    (1.1201544349648607,0.0000000000000000)
   1.6000000000000001                    (3.9953456907579565,0.0000000000000000)
   2.0000000000000000                    (5.8042260651806146,0.0000000000000000)
   2.4000000000000004                    (4.6101409024629785,0.0000000000000000)
   2.8000000000000003                    (2.3111150141648586,0.0000000000000000)
   3.2000000000000002                    (2.0012742211141852,0.0000000000000000)
   3.6000000000000001                    (3.7000869598530555,0.0000000000000000)
   4.0000000000000000                    (4.3511410091698934,0.0000000000000000)
   4.4000000000000004                    (2.0905321994886017,0.0000000000000000)
   4.8000000000000007                   (-1.1167010544926812,0.0000000000000000)
   5.2000000000000002                   (-2.1193669230071257,0.0000000000000000)
   5.6000000000000005                  (-0.85446422198881156,0.0000000000000000)
   6.0000000000000000                  (-0.35114100916989210,0.0000000000000000)
   6.4000000000000004                   (-2.4640189823532683,0.0000000000000000)
   6.8000000000000007                   (-5.2373421986139590,0.0000000000000000)
   7.2000000000000002                   (-5.5471829916646458,0.0000000000000000)
   7.6000000000000005                   (-3.3740729249631842,0.0000000000000000)
   8.0000000000000000                   (-1.8042260651806146,0.0000000000000000)
   8.4000000000000004                   (-2.7592777132581459,0.0000000000000000)
   8.8000000000000007                   (-4.3562224124646534,0.0000000000000000)
   9.2000000000000011                   (-3.5450486851567509,0.0000000000000000)
   9.6000000000000014                  (-0.37672555990951417,0.0000000000000000)
   10.000000000000000                    (1.9999999999999991,0.0000000000000000)
   10.400000000000000                    (1.6127935374093587,0.0000000000000000)
   10.800000000000001                   (0.30898070765696151,0.0000000000000000)
   11.200000000000001                    (1.1201544349648660,0.0000000000000000)
   11.600000000000001                    (3.9953456907579663,0.0000000000000000)
   12.000000000000000                    (5.8042260651806146,0.0000000000000000)
   12.400000000000000                    (4.6101409024629696,0.0000000000000000)
   12.800000000000001                    (2.3111150141648524,0.0000000000000000)
   13.200000000000001                    (2.0012742211141563,0.0000000000000000)
   13.600000000000001                    (3.7000869598530124,0.0000000000000000)
   14.000000000000000                    (4.3511410091698934,0.0000000000000000)
   14.400000000000000                    (2.0905321994885933,0.0000000000000000)
   14.800000000000001                   (-1.1167010544926543,0.0000000000000000)
   15.200000000000001                   (-2.1193669230071057,0.0000000000000000)
   15.600000000000001                  (-0.85446422198880634,0.0000000000000000)
   16.000000000000000                  (-0.35114100916989122,0.0000000000000000)
   16.400000000000002                   (-2.4640189823532772,0.0000000000000000)
   16.800000000000001                   (-5.2373421986139501,0.0000000000000000)
   17.199999999999999                   (-5.5471829916646405,0.0000000000000000)
   17.600000000000001                   (-3.3740729249631745,0.0000000000000000)
   18.000000000000000                   (-1.8042260651806150,0.0000000000000000)
   18.400000000000002                   (-2.7592777132581827,0.0000000000000000)
   18.800000000000001                   (-4.3562224124646267,0.0000000000000000)
   19.200000000000003                   (-3.5450486851567429,0.0000000000000000)
   19.600000000000001                  (-0.37672555990950241,0.0000000000000000)
   20.000000000000000                    (1.9999999999999980,0.0000000000000000)
   20.400000000000002                    (1.6127935374093416,0.0000000000000000)
   20.800000000000001                   (0.30898070765702168,0.0000000000000000)
   21.200000000000003                    (1.1201544349648456,0.0000000000000000)
   21.600000000000001                    (3.9953456907579770,0.0000000000000000)
   22.000000000000000                    (5.8042260651806137,0.0000000000000000)
   22.400000000000002                    (4.6101409024629607,0.0000000000000000)
   22.800000000000001                    (2.3111150141648116,0.0000000000000000)
   23.200000000000003                    (2.0012742211141958,0.0000000000000000)
   23.600000000000001                    (3.7000869598530222,0.0000000000000000)
   24.000000000000000                    (4.3511410091698943,0.0000000000000000)
   24.400000000000002                    (2.0905321994886323,0.0000000000000000)
   24.800000000000001                   (-1.1167010544926925,0.0000000000000000)
   25.200000000000003                   (-2.1193669230071253,0.0000000000000000)
   25.600000000000001                  (-0.85446422198879612,0.0000000000000000)
   26.000000000000000                  (-0.35114100916990187,0.0000000000000000)
   26.400000000000002                   (-2.4640189823531822,0.0000000000000000)
   26.800000000000001                   (-5.2373421986139554,0.0000000000000000)
   27.200000000000003                   (-5.5471829916647000,0.0000000000000000)
   27.600000000000001                   (-3.3740729249632198,0.0000000000000000)
   28.000000000000000                   (-1.8042260651806150,0.0000000000000000)
   28.400000000000002                   (-2.7592777132581423,0.0000000000000000)
   28.800000000000001                   (-4.3562224124646658,0.0000000000000000)
   29.200000000000003                   (-3.5450486851567651,0.0000000000000000)
   29.600000000000001                  (-0.37672555990960210,0.0000000000000000)
   30.000000000000000                    (1.9999999999999971,0.0000000000000000)
   30.400000000000002                    (1.6127935374092910,0.0000000000000000)
   30.800000000000001                   (0.30898070765699437,0.0000000000000000)
   31.200000000000003                    (1.1201544349648838,0.0000000000000000)
   31.600000000000001                    (3.9953456907579321,0.0000000000000000)
   32.000000000000000                    (5.8042260651806128,0.0000000000000000)
   32.399999999999999                    (4.6101409024630051,0.0000000000000000)
   32.800000000000004                    (2.3111150141648409,0.0000000000000000)
   33.200000000000003                    (2.0012742211141044,0.0000000000000000)
   33.600000000000001                    (3.7000869598529733,0.0000000000000000)
   34.000000000000000                    (4.3511410091698837,0.0000000000000000)
   34.399999999999999                    (2.0905321994885697,0.0000000000000000)
   34.800000000000004                   (-1.1167010544927307,0.0000000000000000)
   35.200000000000003                   (-2.1193669230070995,0.0000000000000000)
   35.600000000000001                  (-0.85446422198883998,0.0000000000000000)
   36.000000000000000                  (-0.35114100916988988,0.0000000000000000)
   36.399999999999999                   (-2.4640189823532364,0.0000000000000000)
   36.800000000000004                   (-5.2373421986139936,0.0000000000000000)
   37.200000000000003                   (-5.5471829916645961,0.0000000000000000)
   37.600000000000001                   (-3.3740729249632646,0.0000000000000000)
   38.000000000000000                   (-1.8042260651806155,0.0000000000000000)
   38.400000000000006                   (-2.7592777132581987,0.0000000000000000)
   38.800000000000004                   (-4.3562224124646285,0.0000000000000000)
   39.200000000000003                   (-3.5450486851567264,0.0000000000000000)
   39.600000000000001                  (-0.37672555990964784,0.0000000000000000)
   40.000000000000000                    (1.9999999999999960,0.0000000000000000)
   40.400000000000006                    (1.6127935374093347,0.0000000000000000)
   40.800000000000004                   (0.30898070765699592,0.0000000000000000)
   41.200000000000003                    (1.1201544349649120,0.0000000000000000)
   41.600000000000001                    (3.9953456907577785,0.0000000000000000)
   42.000000000000000                    (5.8042260651806172,0.0000000000000000)
   42.400000000000006                    (4.6101409024630513,0.0000000000000000)
   42.800000000000004                    (2.3111150141648018,0.0000000000000000)
   43.200000000000003                    (2.0012742211142052,0.0000000000000000)
   43.600000000000001                    (3.7000869598530377,0.0000000000000000)
   44.000000000000000                    (4.3511410091698961,0.0000000000000000)
   44.400000000000006                    (2.0905321994887371,0.0000000000000000)
   44.800000000000004                   (-1.1167010544927023,0.0000000000000000)
   45.200000000000003                   (-2.1193669230071261,0.0000000000000000)
   45.600000000000001                  (-0.85446422198868066,0.0000000000000000)
   46.000000000000000                  (-0.35114100916988900,0.0000000000000000)
   46.400000000000006                   (-2.4640189823533083,0.0000000000000000)
   46.800000000000004                   (-5.2373421986139723,0.0000000000000000)
   47.200000000000003                   (-5.5471829916646875,0.0000000000000000)
   47.600000000000001                   (-3.3740729249630927,0.0000000000000000)
   48.000000000000000                   (-1.8042260651806159,0.0000000000000000)
   48.400000000000006                   (-2.7592777132581543,0.0000000000000000)
   48.800000000000004                   (-4.3562224124646018,0.0000000000000000)
   49.200000000000003                   (-3.5450486851568348,0.0000000000000000)
   49.600000000000001                  (-0.37672555990947731,0.0000000000000000)
   50.000000000000000                    (2.0000000000000093,0.0000000000000000)
   50.400000000000006                    (1.6127935374093649,0.0000000000000000)
   50.800000000000004                   (0.30898070765703545,0.0000000000000000)
   51.200000000000003                    (1.1201544349648940,0.0000000000000000)
   51.600000000000001                    (3.9953456907579499,0.0000000000000000)
   52.000000000000000                    (5.8042260651806217,0.0000000000000000)
   52.400000000000006                    (4.6101409024630939,0.0000000000000000)
   52.800000000000004                    (2.3111150141649608,0.0000000000000000)
   53.200000000000003                    (2.0012742211141781,0.0000000000000000)
   53.600000000000001                    (3.7000869598529933,0.0000000000000000)
   54.000000000000000                    (4.3511410091698970,0.0000000000000000)
   54.400000000000006                    (2.0905321994887824,0.0000000000000000)
   54.800000000000004                   (-1.1167010544926876,0.0000000000000000)
   55.200000000000003                   (-2.1193669230071528,0.0000000000000000)
   55.600000000000001                  (-0.85446422198892769,0.0000000000000000)
   56.000000000000000                  (-0.35114100916988811,0.0000000000000000)
   56.400000000000006                   (-2.4640189823532719,0.0000000000000000)
   56.800000000000004                   (-5.2373421986139315,0.0000000000000000)
   57.200000000000003                   (-5.5471829916647177,0.0000000000000000)
   57.600000000000001                   (-3.3740729249631376,0.0000000000000000)
   58.000000000000000                   (-1.8042260651806159,0.0000000000000000)
   58.400000000000006                   (-2.7592777132581023,0.0000000000000000)
   58.800000000000004                   (-4.3562224124645956,0.0000000000000000)
   59.200000000000003                   (-3.5450486851568508,0.0000000000000000)
   59.600000000000001                  (-0.37672555990952294,0.0000000000000000)
   60.000000000000000                    (1.9999999999999942,0.0000000000000000)
   60.400000000000006                    (1.6127935374091926,0.0000000000000000)
   60.800000000000004                   (0.30898070765694108,0.0000000000000000)
   61.200000000000003                    (1.1201544349648653,0.0000000000000000)
   61.600000000000001                    (3.9953456907579197,0.0000000000000000)
   62.000000000000000                    (5.8042260651806128,0.0000000000000000)
   62.400000000000006                    (4.6101409024629234,0.0000000000000000)
   62.800000000000004                    (2.3111150141648551,0.0000000000000000)
   63.200000000000003                    (2.0012742211141505,0.0000000000000000)
   63.600000000000001                    (3.7000869598529493,0.0000000000000000)
   64.000000000000000                    (4.3511410091698970,0.0000000000000000)
   64.400000000000006                    (2.0905321994885853,0.0000000000000000)
   64.799999999999997                   (-1.1167010544926590,0.0000000000000000)
   65.200000000000003                   (-2.1193669230070458,0.0000000000000000)
   65.600000000000009                  (-0.85446422198875527,0.0000000000000000)
   66.000000000000000                  (-0.35114100916991031,0.0000000000000000)
   66.400000000000006                   (-2.4640189823529917,0.0000000000000000)
   66.799999999999997                   (-5.2373421986139164,0.0000000000000000)
   67.200000000000003                   (-5.5471829916647453,0.0000000000000000)
   67.600000000000009                   (-3.3740729249631825,0.0000000000000000)
   68.000000000000000                   (-1.8042260651806075,0.0000000000000000)
   68.400000000000006                   (-2.7592777132580739,0.0000000000000000)
   68.799999999999997                   (-4.3562224124646818,0.0000000000000000)
   69.200000000000003                   (-3.5450486851567455,0.0000000000000000)
   69.600000000000009                  (-0.37672555990935241,0.0000000000000000)
   70.000000000000000                    (1.9999999999999931,0.0000000000000000)
   70.400000000000006                    (1.6127935374092637,0.0000000000000000)
   70.799999999999997                   (0.30898070765710139,0.0000000000000000)
   71.200000000000003                    (1.1201544349648374,0.0000000000000000)
   71.600000000000009                    (3.9953456907578588,0.0000000000000000)
   72.000000000000000                    (5.8042260651806119,0.0000000000000000)
   72.400000000000006                    (4.6101409024629687,0.0000000000000000)
   72.799999999999997                    (2.3111150141648880,0.0000000000000000)
   73.200000000000003                    (2.0012742211142571,0.0000000000000000)
   73.600000000000009                    (3.7000869598531212,0.0000000000000000)
   74.000000000000000                    (4.3511410091698757,0.0000000000000000)
   74.400000000000006                    (2.0905321994884147,0.0000000000000000)
   74.799999999999997                   (-1.1167010544926304,0.0000000000000000)
   75.200000000000003                   (-2.1193669230072061,0.0000000000000000)
   75.600000000000009                  (-0.85446422198901539,0.0000000000000000)
   76.000000000000000                  (-0.35114100916988633,0.0000000000000000)
   76.400000000000006                   (-2.4640189823531626,0.0000000000000000)
   76.800000000000011                   (-5.2373421986140212,0.0000000000000000)
   77.200000000000003                   (-5.5471829916646396,0.0000000000000000)
   77.600000000000009                   (-3.3740729249632255,0.0000000000000000)
   78.000000000000000                   (-1.8042260651806168,0.0000000000000000)
   78.400000000000006                   (-2.7592777132582302,0.0000000000000000)
   78.800000000000011                   (-4.3562224124647884,0.0000000000000000)
   79.200000000000003                   (-3.5450486851569076,0.0000000000000000)
   79.600000000000009                  (-0.37672555990961432,0.0000000000000000)
