   0.0000000000000000                    (3.0000000000000000,0.0000000000000000)
  0.40000000000000002                    (1.4244307574545512,0.0000000000000000)
  0.80000000000000004                   (-1.4635436349214126,0.0000000000000000)
   1.2000000000000002                   (-1.0579567712674640,0.0000000000000000)
   1.6000000000000001                    (2.6157068341288747,0.0000000000000000)
   2.0000000000000000                    (4.9021130325903073,0.0000000000000000)
   2.4000000000000004                    (2.9231044399813819,0.0000000000000000)
   2.8000000000000003                  (-0.46247648166746713,0.0000000000000000)
   3.2000000000000002                  (-0.61739687819280031,0.0000000000000000)
   3.6000000000000001                    (2.4680774686764257,0.0000000000000000)
   4.0000000000000000                    (4.1755705045849467,0.0000000000000000)
   4.4000000000000004                    (1.6633000884941915,0.0000000000000000)
   4.8000000000000007                   (-2.1763845159962383,0.0000000000000000)
   5.2000000000000002                   (-2.6777174502534713,0.0000000000000000)
   5.6000000000000005                   (0.19080187775549429,0.0000000000000000)
   6.0000000000000000                    (1.8244294954150539,0.0000000000000000)
   6.4000000000000004                  (-0.61397550242674537,0.0000000000000000)
   6.8000000000000007                   (-4.2367050880568620,0.0000000000000000)
   7.2000000000000002                   (-4.3916254845822138,0.0000000000000000)
   7.6000000000000005                   (-1.0690024737316903,0.0000000000000000)
   8.0000000000000000                    (1.0978869674096927,0.0000000000000000)
   8.4000000000000004                  (-0.76160486787915893,0.0000000000000000)
   8.8000000000000007                   (-3.7961451949822265,0.0000000000000000)
   9.2000000000000011                   (-3.3905583313282648,0.0000000000000000)
   9.6000000000000014                   (0.42967120879514670,0.0000000000000000)
   10.000000000000000                    (2.9999999999999996,0.0000000000000000)
   10.400000000000000                    (1.4244307574546184,0.0000000000000000)
   10.800000000000001                   (-1.4635436349214204,0.0000000000000000)
   11.200000000000001                   (-1.0579567712674554,0.0000000000000000)
   11.600000000000001                    (2.6157068341288889,0.0000000000000000)
   12.000000000000000                    (4.9021130325903073,0.0000000000000000)
   12.400000000000000                    (2.9231044399813682,0.0000000000000000)
   12.800000000000001                  (-0.46247648166747624,0.0000000000000000)
   13.200000000000001                  (-0.61739687819284250,0.0000000000000000)
   13.600000000000001                    (2.4680774686763596,0.0000000000000000)
   14.000000000000000                    (4.1755705045849467,0.0000000000000000)
   14.400000000000000                    (1.6633000884941782,0.0000000000000000)
   14.800000000000001                   (-2.1763845159961974,0.0000000000000000)
   15.200000000000001                   (-2.6777174502534389,0.0000000000000000)
   15.600000000000001                   (0.19080187775550617,0.0000000000000000)
   16.000000000000000                    (1.8244294954150544,0.0000000000000000)
   16.400000000000002                  (-0.61397550242675913,0.0000000000000000)
   16.800000000000001                   (-4.2367050880568460,0.0000000000000000)
   17.199999999999999                   (-4.3916254845822049,0.0000000000000000)
   17.600000000000001                   (-1.0690024737316761,0.0000000000000000)
   18.000000000000000                    (1.0978869674096925,0.0000000000000000)
   18.400000000000002                  (-0.76160486787921355,0.0000000000000000)
   18.800000000000001                   (-3.7961451949821856,0.0000000000000000)
   19.200000000000003                   (-3.3905583313282550,0.0000000000000000)
   19.600000000000001                   (0.42967120879516191,0.0000000000000000)
   20.000000000000000                    (2.9999999999999991,0.0000000000000000)
   20.400000000000002                    (1.4244307574546007,0.0000000000000000)
   20.800000000000001                   (-1.4635436349213293,0.0000000000000000)
   21.200000000000003                   (-1.0579567712674931,0.0000000000000000)
   21.600000000000001                    (2.6157068341289036,0.0000000000000000)
   22.000000000000000                    (4.9021130325903073,0.0000000000000000)
   22.400000000000002                    (2.9231044399813539,0.0000000000000000)
   22.800000000000001                  (-0.46247648166753552,0.0000000000000000)
   23.200000000000003                  (-0.61739687819278366,0.0000000000000000)
   23.600000000000001                    (2.4680774686763738,0.0000000000000000)
   24.000000000000000                    (4.1755705045849467,0.0000000000000000)
   24.400000000000002                    (1.6633000884942424,0.0000000000000000)
   24.800000000000001                   (-2.1763845159962552,0.0000000000000000)
   25.200000000000003                   (-2.6777174502534766,0.0000000000000000)
   25.600000000000001                   (0.19080187775552060,0.0000000000000000)
   26.000000000000000                    (1.8244294954150491,0.0000000000000000)
   26.400000000000002                  (-0.61397550242661270,0.0000000000000000)
   26.800000000000001                   (-4.2367050880568549,0.0000000000000000)
   27.200000000000003                   (-4.3916254845822955,0.0000000000000000)
   27.600000000000001                   (-1.0690024737317434,0.0000000000000000)
   28.000000000000000                    (1.0978869674096925,0.0000000000000000)
   28.400000000000002                  (-0.76160486787914872,0.0000000000000000)
   28.800000000000001                   (-3.7961451949822447,0.0000000000000000)
   29.200000000000003                   (-3.3905583313282941,0.0000000000000000)
   29.600000000000001                   (0.42967120879501325,0.0000000000000000)
   30.000000000000000                    (2.9999999999999987,0.0000000000000000)
   30.400000000000002                    (1.4244307574545121,0.0000000000000000)
   30.800000000000001                   (-1.4635436349213822,0.0000000000000000)
   31.200000000000003                   (-1.0579567712674349,0.0000000000000000)
   31.600000000000001                    (2.6157068341288361,0.0000000000000000)
   32.000000000000000                    (4.9021130325903064,0.0000000000000000)
   32.399999999999999                    (2.9231044399814214,0.0000000000000000)
   32.800000000000004                  (-0.46247648166749333,0.0000000000000000)
   33.200000000000003                  (-0.61739687819292377,0.0000000000000000)
   33.600000000000001                    (2.4680774686763050,0.0000000000000000)
   34.000000000000000                    (4.1755705045849414,0.0000000000000000)
   34.399999999999999                    (1.6633000884941476,0.0000000000000000)
   34.800000000000004                   (-2.1763845159963133,0.0000000000000000)
   35.200000000000003                   (-2.6777174502534242,0.0000000000000000)
   35.600000000000001                   (0.19080187775545387,0.0000000000000000)
   36.000000000000000                    (1.8244294954150551,0.0000000000000000)
   36.399999999999999                  (-0.61397550242670307,0.0000000000000000)
   36.800000000000004                   (-4.2367050880569126,0.0000000000000000)
   37.200000000000003                   (-4.3916254845821383,0.0000000000000000)
   37.600000000000001                   (-1.0690024737318105,0.0000000000000000)
   38.000000000000000                    (1.0978869674096923,0.0000000000000000)
   38.400000000000006                  (-0.76160486787924020,0.0000000000000000)
   38.800000000000004                   (-3.7961451949821980,0.0000000000000000)
   39.200000000000003                   (-3.3905583313282359,0.0000000000000000)
   39.600000000000001                   (0.42967120879494558,0.0000000000000000)
   40.000000000000000                    (2.9999999999999982,0.0000000000000000)
   40.400000000000006                    (1.4244307574545787,0.0000000000000000)
   40.800000000000004                   (-1.4635436349213538,0.0000000000000000)
   41.200000000000003                   (-1.0579567712673814,0.0000000000000000)
   41.600000000000001                    (2.6157068341286065,0.0000000000000000)
   42.000000000000000                    (4.9021130325903091,0.0000000000000000)
   42.400000000000006                    (2.9231044399814889,0.0000000000000000)
   42.800000000000004                  (-0.46247648166755195,0.0000000000000000)
   43.200000000000003                  (-0.61739687819276745,0.0000000000000000)
   43.600000000000001                    (2.4680774686764000,0.0000000000000000)
   44.000000000000000                    (4.1755705045849485,0.0000000000000000)
   44.400000000000006                    (1.6633000884943843,0.0000000000000000)
   44.800000000000004                   (-2.1763845159962716,0.0000000000000000)
   45.200000000000003                   (-2.6777174502534655,0.0000000000000000)
   45.600000000000001                   (0.19080187775570512,0.0000000000000000)
   46.000000000000000                    (1.8244294954150555,0.0000000000000000)
   46.400000000000006                  (-0.61397550242680243,0.0000000000000000)
   46.800000000000004                   (-4.2367050880568744,0.0000000000000000)
   47.200000000000003                   (-4.3916254845822786,0.0000000000000000)
   47.600000000000001                   (-1.0690024737315533,0.0000000000000000)
   48.000000000000000                    (1.0978869674096920,0.0000000000000000)
   48.400000000000006                  (-0.76160486787917336,0.0000000000000000)
   48.800000000000004                   (-3.7961451949821567,0.0000000000000000)
   49.200000000000003                   (-3.3905583313283842,0.0000000000000000)
   49.600000000000001                   (0.42967120879520243,0.0000000000000000)
   50.000000000000000                    (3.0000000000000044,0.0000000000000000)
   50.400000000000006                    (1.4244307574546384,0.0000000000000000)
   50.800000000000004                   (-1.4635436349213062,0.0000000000000000)
   51.200000000000003                   (-1.0579567712674183,0.0000000000000000)
   51.600000000000001                    (2.6157068341288636,0.0000000000000000)
   52.000000000000000                    (4.9021130325903108,0.0000000000000000)
   52.400000000000006                    (2.9231044399815551,0.0000000000000000)
   52.800000000000004                  (-0.46247648166731103,0.0000000000000000)
   53.200000000000003                  (-0.61739687819280853,0.0000000000000000)
   53.600000000000001                    (2.4680774686763334,0.0000000000000000)
   54.000000000000000                    (4.1755705045849485,0.0000000000000000)
   54.400000000000006                    (1.6633000884944518,0.0000000000000000)
   54.800000000000004                   (-2.1763845159962365,0.0000000000000000)
   55.200000000000003                   (-2.6777174502535064,0.0000000000000000)
   55.600000000000001                   (0.19080187775532065,0.0000000000000000)
   56.000000000000000                    (1.8244294954150559,0.0000000000000000)
   56.400000000000006                  (-0.61397550242673948,0.0000000000000000)
   56.800000000000004                   (-4.2367050880568264,0.0000000000000000)
   57.200000000000003                   (-4.3916254845823213,0.0000000000000000)
   57.600000000000001                   (-1.0690024737316204,0.0000000000000000)
   58.000000000000000                    (1.0978869674096920,0.0000000000000000)
   58.400000000000006                  (-0.76160486787910275,0.0000000000000000)
   58.800000000000004                   (-3.7961451949821265,0.0000000000000000)
   59.200000000000003                   (-3.3905583313284198,0.0000000000000000)
   59.600000000000001                   (0.42967120879513493,0.0000000000000000)
   60.000000000000000                    (2.9999999999999969,0.0000000000000000)
   60.400000000000006                    (1.4244307574543809,0.0000000000000000)
   60.800000000000004                   (-1.4635436349214594,0.0000000000000000)
   61.200000000000003                   (-1.0579567712674605,0.0000000000000000)
   61.600000000000001                    (2.6157068341288037,0.0000000000000000)
   62.000000000000000                    (4.9021130325903064,0.0000000000000000)
   62.400000000000006                    (2.9231044399812989,0.0000000000000000)
   62.800000000000004                  (-0.46247648166747002,0.0000000000000000)
   63.200000000000003                  (-0.61739687819285005,0.0000000000000000)
   63.600000000000001                    (2.4680774686762668,0.0000000000000000)
   64.000000000000000                    (4.1755705045849485,0.0000000000000000)
   64.400000000000006                    (1.6633000884941818,0.0000000000000000)
   64.799999999999997                   (-2.1763845159961948,0.0000000000000000)
   65.200000000000003                   (-2.6777174502533470,0.0000000000000000)
   65.600000000000009                   (0.19080187775557833,0.0000000000000000)
   66.000000000000000                    (1.8244294954150448,0.0000000000000000)
   66.400000000000006                  (-0.61397550242633847,0.0000000000000000)
   66.799999999999997                   (-4.2367050880567909,0.0000000000000000)
   67.200000000000003                   (-4.3916254845823621,0.0000000000000000)
   67.600000000000009                   (-1.0690024737316874,0.0000000000000000)
   68.000000000000000                    (1.0978869674096963,0.0000000000000000)
   68.400000000000006                  (-0.76160486787904358,0.0000000000000000)
   68.799999999999997                   (-3.7961451949822758,0.0000000000000000)
   69.200000000000003                   (-3.3905583313282612,0.0000000000000000)
   69.600000000000009                   (0.42967120879539167,0.0000000000000000)
   70.000000000000000                    (2.9999999999999964,0.0000000000000000)
   70.400000000000006                    (1.4244307574544612,0.0000000000000000)
   70.799999999999997                   (-1.4635436349212179,0.0000000000000000)
   71.200000000000003                   (-1.0579567712675020,0.0000000000000000)
   71.600000000000009                    (2.6157068341287291,0.0000000000000000)
   72.000000000000000                    (4.9021130325903055,0.0000000000000000)
   72.400000000000006                    (2.9231044399813655,0.0000000000000000)
   72.799999999999997                  (-0.46247648166742605,0.0000000000000000)
   73.200000000000003                  (-0.61739687819269040,0.0000000000000000)
   73.600000000000009                    (2.4680774686765243,0.0000000000000000)
   74.000000000000000                    (4.1755705045849378,0.0000000000000000)
   74.400000000000006                    (1.6633000884939249,0.0000000000000000)
   74.799999999999997                   (-2.1763845159961526,0.0000000000000000)
   75.200000000000003                   (-2.6777174502535881,0.0000000000000000)
   75.600000000000009                   (0.19080187775518720,0.0000000000000000)
   76.000000000000000                    (1.8244294954150568,0.0000000000000000)
   76.400000000000006                  (-0.61397550242659560,0.0000000000000000)
   76.800000000000011                   (-4.2367050880569499,0.0000000000000000)
   77.200000000000003                   (-4.3916254845822031,0.0000000000000000)
   77.600000000000009                   (-1.0690024737317536,0.0000000000000000)
   78.000000000000000                    (1.0978869674096916,0.0000000000000000)
   78.400000000000006                  (-0.76160486787929338,0.0000000000000000)
   78.800000000000011                   (-3.7961451949824347,0.0000000000000000)
   79.200000000000003                   (-3.3905583313285037,0.0000000000000000)
   79.600000000000009                   (0.42967120879499965,0.0000000000000000)
