   0.0000000000000000                    (2.0000000000000000,0.0000000000000000)
   4.0000000000000001E-002               (2.4279390702867749,0.0000000000000000)
   8.0000000000000002E-002               (2.3640263757946514,0.0000000000000000)
  0.12000000000000000                    (1.9893607267763382,0.0000000000000000)
  0.16000000000000000                    (1.5593447787147638,0.0000000000000000)
  0.20000000000000001                    (1.3294396110154298,0.0000000000000000)
  0.23999999999999999                    (1.4813666401115029,0.0000000000000000)
  0.28000000000000003                    (2.0699731799820738,0.0000000000000000)
  0.32000000000000001                    (3.0053359125008070,0.0000000000000000)
  0.35999999999999999                    (4.0750645421551335,0.0000000000000000)
  0.40000000000000002                    (5.0008025928727484,0.0000000000000000)
  0.44000000000000000                    (5.5135886674535373,0.0000000000000000)
  0.47999999999999998                    (5.4275805379866444,0.0000000000000000)
  0.52000000000000002                    (4.6920616030286997,0.0000000000000000)
  0.56000000000000005                    (3.4075318773428682,0.0000000000000000)
  0.59999999999999998                    (1.8014336573482337,0.0000000000000000)
  0.64000000000000001                   (0.17002320625246248,0.0000000000000000)
  0.68000000000000005                   (-1.1979081466497130,0.0000000000000000)
  0.71999999999999997                   (-2.0948381822945765,0.0000000000000000)
  0.76000000000000001                   (-2.4459051173144846,0.0000000000000000)
  0.80000000000000004                   (-2.3240567938688566,0.0000000000000000)
  0.83999999999999997                   (-1.9249961267436964,0.0000000000000000)
  0.88000000000000000                   (-1.5089020628924714,0.0000000000000000)
  0.92000000000000004                   (-1.3249417871764857,0.0000000000000000)
  0.95999999999999996                   (-1.5392628717772130,0.0000000000000000)
   1.0000000000000000                   (-2.1861920764307206,0.0000000000000000)
   1.0400000000000000                   (-3.1560328313592803,0.0000000000000000)
   1.0800000000000001                   (-4.2228706603093196,0.0000000000000000)
   1.1200000000000001                   (-5.1048824603878096,0.0000000000000000)
   1.1599999999999999                   (-5.5407725220695738,0.0000000000000000)
   1.2000000000000000                   (-5.3615411046370154,0.0000000000000000)
   1.2400000000000000                   (-4.5380332667283652,0.0000000000000000)
   1.2800000000000000                   (-3.1912793818220244,0.0000000000000000)
   1.3200000000000001                   (-1.5627388611166755,0.0000000000000000)
   1.3600000000000001              (4.75528998725265328E-002,0.0000000000000000)
   1.4000000000000001                    (1.3582200375192852,0.0000000000000000)
   1.4399999999999999                    (2.1782807621949032,0.0000000000000000)
   1.4800000000000000                    (2.4540076469315717,0.0000000000000000)
   1.5200000000000000                    (2.2783184247753150,0.0000000000000000)
   1.5600000000000001                    (1.8603030565473138,0.0000000000000000)
   1.6000000000000001                    (1.4633404442173741,0.0000000000000000)
   1.6400000000000001                    (1.3288002241757573,0.0000000000000000)
   1.6799999999999999                    (1.6062370275466427,0.0000000000000000)
   1.7200000000000000                    (2.3092021340466085,0.0000000000000000)
   1.7600000000000000                    (3.3088061530340620,0.0000000000000000)
   1.8000000000000000                    (4.3668695428845350,0.0000000000000000)
   1.8400000000000001                    (5.1996984431646061,0.0000000000000000)
   1.8800000000000001                    (5.5551613004731593,0.0000000000000000)
   1.9199999999999999                    (5.2820937015517453,0.0000000000000000)
   1.9600000000000000                    (4.3731183903999922,0.0000000000000000)
   2.0000000000000000                    (2.9691749979197835,0.0000000000000000)
   2.0400000000000000                    (1.3244488467596285,0.0000000000000000)
   2.0800000000000001                  (-0.25885787417274564,0.0000000000000000)
   2.1200000000000001                   (-1.5082822300884264,0.0000000000000000)
   2.1600000000000001                   (-2.2503609676848866,0.0000000000000000)
   2.2000000000000002                   (-2.4526968035022398,0.0000000000000000)
   2.2400000000000002                   (-2.2275408489130930,0.0000000000000000)
   2.2800000000000002                   (-1.7960778024595745,0.0000000000000000)
   2.3199999999999998                   (-1.4232932675697856,0.0000000000000000)
   2.3599999999999999                   (-1.3413016596965663,0.0000000000000000)
   2.3999999999999999                   (-1.6821418876068170,0.0000000000000000)
   2.4399999999999999                   (-2.4384552009145248,0.0000000000000000)
   2.4800000000000000                   (-3.4628514239929009,0.0000000000000000)
   2.5200000000000000                   (-4.5062174491524809,0.0000000000000000)
   2.5600000000000001                   (-5.2845979097516684,0.0000000000000000)
   2.6000000000000001                   (-5.5564745321213440,0.0000000000000000)
   2.6400000000000001                   (-5.1894123460409070,0.0000000000000000)
   2.6800000000000002                   (-4.1979064908210040,0.0000000000000000)
   2.7200000000000002                   (-2.7420737905544814,0.0000000000000000)
   2.7600000000000002                   (-1.0874637990331859,0.0000000000000000)
   2.8000000000000003                   (0.46317770618340448,0.0000000000000000)
   2.8399999999999999                    (1.6477465234614181,0.0000000000000000)
   2.8799999999999999                    (2.3111759488981392,0.0000000000000000)
   2.9199999999999999                    (2.4424733583113549,0.0000000000000000)
   2.9600000000000000                    (2.1724772864478412,0.0000000000000000)
   3.0000000000000000                    (1.7331070204199979,0.0000000000000000)
   3.0400000000000000                    (1.3893538087032693,0.0000000000000000)
   3.0800000000000001                    (1.3626734920147581,0.0000000000000000)
   3.1200000000000001                    (1.7667680804941799,0.0000000000000000)
   3.1600000000000001                    (2.5733554201527808,0.0000000000000000)
   3.2000000000000002                    (3.6173442845416393,0.0000000000000000)
   3.2400000000000002                    (4.6400843311260012,0.0000000000000000)
   3.2800000000000002                    (5.3589721780923991,0.0000000000000000)
   3.3200000000000003                    (5.5444943656634686,0.0000000000000000)
   3.3599999999999999                    (5.0837356547912593,0.0000000000000000)
   3.3999999999999999                    (4.0130364032121379,0.0000000000000000)
   3.4399999999999999                    (2.5108517173268439,0.0000000000000000)
   3.4800000000000000                   (0.85267090992231243,0.0000000000000000)
   3.5200000000000000                  (-0.65984155933652777,0.0000000000000000)
   3.5600000000000001                   (-1.7763262167567517,0.0000000000000000)
   3.6000000000000001                   (-2.3608859060337219,0.0000000000000000)
   3.6400000000000001                   (-2.4238855524888123,0.0000000000000000)
   3.6800000000000002                   (-2.1139000238552379,0.0000000000000000)
   3.7200000000000002                   (-1.6721629997348229,0.0000000000000000)
   3.7600000000000002                   (-1.3620716721370238,0.0000000000000000)
   3.8000000000000003                   (-1.3930822993791068,0.0000000000000000)
   3.8399999999999999                   (-1.8598451326060879,0.0000000000000000)
   3.8799999999999999                   (-2.7132625281577427,0.0000000000000000)
   3.9199999999999999                   (-3.7714451208153927,0.0000000000000000)
   3.9600000000000000                   (-4.7676585742139217,0.0000000000000000)
   4.0000000000000000                   (-5.4222600539305157,0.0000000000000000)
   4.0400000000000000                   (-5.5190669397024150,0.0000000000000000)
   4.0800000000000001                   (-4.9653656699164728,0.0000000000000000)
   4.1200000000000001                   (-3.8191928765815364,0.0000000000000000)
   4.1600000000000001                   (-2.2764009129466722,0.0000000000000000)
   4.2000000000000002                  (-0.62093962760856647,0.0000000000000000)
   4.2400000000000002                   (0.84822527319922281,0.0000000000000000)
   4.2800000000000002                    (1.8937974187478817,0.0000000000000000)
   4.3200000000000003                    (2.3997128596157742,0.0000000000000000)
   4.3600000000000003                    (2.3975256722052256,0.0000000000000000)
   4.4000000000000004                    (2.0525957354654807,0.0000000000000000)
   4.4400000000000004                    (1.6139990129827382,0.0000000000000000)
   4.4800000000000004                    (1.3419494428601362,0.0000000000000000)
   4.5200000000000005                    (1.4326327115625717,0.0000000000000000)
   4.5600000000000005                    (1.9610428721993571,0.0000000000000000)
   4.6000000000000005                    (2.8574954129567525,0.0000000000000000)
   4.6399999999999997                    (3.9243038114753919,0.0000000000000000)
   4.6799999999999997                    (4.8881516411621400,0.0000000000000000)
   4.7199999999999998                    (5.4739511071608362,0.0000000000000000)
   4.7599999999999998                    (5.4801033972447080,0.0000000000000000)
   4.7999999999999998                    (4.8346663311908804,0.0000000000000000)
   4.8399999999999999                    (3.6171029138408048,0.0000000000000000)
   4.8799999999999999                    (2.0396248863097481,0.0000000000000000)
   4.9199999999999999                   (0.39311700960146911,0.0000000000000000)
   4.9600000000000000                   (-1.0277545984845697,0.0000000000000000)
   5.0000000000000000                   (-1.9999999999999967,0.0000000000000000)
   5.0400000000000000                   (-2.4279390702867740,0.0000000000000000)
   5.0800000000000001                   (-2.3640263757946349,0.0000000000000000)
   5.1200000000000001                   (-1.9893607267763285,0.0000000000000000)
   5.1600000000000001                   (-1.5593447787147732,0.0000000000000000)
   5.2000000000000002                   (-1.3294396110154170,0.0000000000000000)
   5.2400000000000002                   (-1.4813666401115047,0.0000000000000000)
   5.2800000000000002                   (-2.0699731799820729,0.0000000000000000)
   5.3200000000000003                   (-3.0053359125007968,0.0000000000000000)
   5.3600000000000003                   (-4.0750645421551415,0.0000000000000000)
   5.4000000000000004                   (-5.0008025928727466,0.0000000000000000)
   5.4400000000000004                   (-5.5135886674535328,0.0000000000000000)
   5.4800000000000004                   (-5.4275805379866453,0.0000000000000000)
   5.5200000000000005                   (-4.6920616030287015,0.0000000000000000)
   5.5600000000000005                   (-3.4075318773428780,0.0000000000000000)
   5.6000000000000005                   (-1.8014336573482290,0.0000000000000000)
   5.6399999999999997                  (-0.17002320625245382,0.0000000000000000)
   5.6799999999999997                    (1.1979081466497021,0.0000000000000000)
   5.7199999999999998                    (2.0948381822945827,0.0000000000000000)
   5.7599999999999998                    (2.4459051173144695,0.0000000000000000)
   5.7999999999999998                    (2.3240567938688628,0.0000000000000000)
   5.8399999999999999                    (1.9249961267437103,0.0000000000000000)
   5.8799999999999999                    (1.5089020628924661,0.0000000000000000)
   5.9199999999999999                    (1.3249417871764841,0.0000000000000000)
   5.9600000000000000                    (1.5392628717772103,0.0000000000000000)
   6.0000000000000000                    (2.1861920764307272,0.0000000000000000)
   6.0400000000000000                    (3.1560328313592780,0.0000000000000000)
   6.0800000000000001                    (4.2228706603093107,0.0000000000000000)
   6.1200000000000001                    (5.1048824603877980,0.0000000000000000)
   6.1600000000000001                    (5.5407725220695712,0.0000000000000000)
   6.2000000000000002                    (5.3615411046370225,0.0000000000000000)
   6.2400000000000002                    (4.5380332667283740,0.0000000000000000)
   6.2800000000000002                    (3.1912793818220573,0.0000000000000000)
   6.3200000000000003                    (1.5627388611166806,0.0000000000000000)
   6.3600000000000003             (-4.75528998725256447E-002,0.0000000000000000)
   6.4000000000000004                   (-1.3582200375192861,0.0000000000000000)
   6.4400000000000004                   (-2.1782807621949183,0.0000000000000000)
   6.4800000000000004                   (-2.4540076469315757,0.0000000000000000)
   6.5200000000000005                   (-2.2783184247753399,0.0000000000000000)
   6.5600000000000005                   (-1.8603030565473060,0.0000000000000000)
   6.6000000000000005                   (-1.4633404442173890,0.0000000000000000)
   6.6400000000000006                   (-1.3288002241757502,0.0000000000000000)
   6.6799999999999997                   (-1.6062370275466464,0.0000000000000000)
   6.7199999999999998                   (-2.3092021340465987,0.0000000000000000)
   6.7599999999999998                   (-3.3088061530340438,0.0000000000000000)
   6.7999999999999998                   (-4.3668695428845377,0.0000000000000000)
   6.8399999999999999                   (-5.1996984431646034,0.0000000000000000)
   6.8799999999999999                   (-5.5551613004731690,0.0000000000000000)
   6.9199999999999999                   (-5.2820937015517453,0.0000000000000000)
   6.9600000000000000                   (-4.3731183903999984,0.0000000000000000)
   7.0000000000000000                   (-2.9691749979198052,0.0000000000000000)
   7.0400000000000000                   (-1.3244488467596098,0.0000000000000000)
   7.0800000000000001                   (0.25885787417273853,0.0000000000000000)
   7.1200000000000001                    (1.5082822300884284,0.0000000000000000)
   7.1600000000000001                    (2.2503609676848741,0.0000000000000000)
   7.2000000000000002                    (2.4526968035022469,0.0000000000000000)
   7.2400000000000002                    (2.2275408489130886,0.0000000000000000)
   7.2800000000000002                    (1.7960778024595805,0.0000000000000000)
   7.3200000000000003                    (1.4232932675697867,0.0000000000000000)
   7.3600000000000003                    (1.3413016596965739,0.0000000000000000)
   7.4000000000000004                    (1.6821418876068104,0.0000000000000000)
   7.4400000000000004                    (2.4384552009145288,0.0000000000000000)
   7.4800000000000004                    (3.4628514239928894,0.0000000000000000)
   7.5200000000000005                    (4.5062174491524951,0.0000000000000000)
   7.5600000000000005                    (5.2845979097516711,0.0000000000000000)
   7.6000000000000005                    (5.5564745321213369,0.0000000000000000)
   7.6400000000000006                    (5.1894123460409167,0.0000000000000000)
   7.6799999999999997                    (4.1979064908210209,0.0000000000000000)
   7.7199999999999998                    (2.7420737905544645,0.0000000000000000)
   7.7599999999999998                    (1.0874637990331673,0.0000000000000000)
   7.7999999999999998                  (-0.46317770618342313,0.0000000000000000)
   7.8399999999999999                   (-1.6477465234614224,0.0000000000000000)
   7.8799999999999999                   (-2.3111759488981609,0.0000000000000000)
   7.9199999999999999                   (-2.4424733583113607,0.0000000000000000)
   7.9600000000000000                   (-2.1724772864478492,0.0000000000000000)
