   0.0000000000000000                    (2.0000000000000000,0.0000000000000000)
   4.0000000000000001E-002               (2.4527055959888315,0.0000000000000000)
   8.0000000000000002E-002               (2.4502252826560613,0.0000000000000000)
  0.12000000000000000                    (2.1400738456016697,0.0000000000000000)
  0.16000000000000000                    (1.7366652631476316,0.0000000000000000)
  0.20000000000000001                    (1.4640189823532623,0.0000000000000000)
  0.23999999999999999                    (1.4965056160491470,0.0000000000000000)
  0.28000000000000003                    (1.9124091717949547,0.0000000000000000)
  0.32000000000000001                    (2.6718957973340931,0.0000000000000000)
  0.35999999999999999                    (3.6249215476438152,0.0000000000000000)
  0.40000000000000002                    (4.5471829916646493,0.0000000000000000)
  0.44000000000000000                    (5.1952530246692703,0.0000000000000000)
  0.47999999999999998                    (5.3672729470318714,0.0000000000000000)
  0.52000000000000002                    (4.9541718452016781,0.0000000000000000)
  0.56000000000000005                    (3.9687027000056254,0.0000000000000000)
  0.59999999999999998                    (2.5450486851567562,0.0000000000000000)
  0.64000000000000001                   (0.90901181005738874,0.0000000000000000)
  0.68000000000000005                  (-0.67394562301435257,0.0000000000000000)
  0.71999999999999997                   (-1.9600733535498513,0.0000000000000000)
  0.76000000000000001                   (-2.7830693246865850,0.0000000000000000)
  0.80000000000000004                   (-3.0905321994886070,0.0000000000000000)
  0.83999999999999997                   (-2.9522571029753264,0.0000000000000000)
  0.88000000000000000                   (-2.5384664306783820,0.0000000000000000)
  0.92000000000000004                   (-2.0735001385884835,0.0000000000000000)
  0.95999999999999996                   (-1.7765515456520857,0.0000000000000000)
   1.0000000000000000                   (-1.8042260651806141,0.0000000000000000)
   1.0400000000000000                   (-2.2092323426988778,0.0000000000000000)
   1.0800000000000001                   (-2.9255043006043620,0.0000000000000000)
   1.1200000000000001                   (-3.7834914552141470,0.0000000000000000)
   1.1599999999999999                   (-4.5518674104679793,0.0000000000000000)
   1.2000000000000000                   (-4.9953456907579543,0.0000000000000000)
   1.2400000000000000                   (-4.9342818720616517,0.0000000000000000)
   1.2800000000000000                   (-4.2912741625549256,0.0000000000000000)
   1.3200000000000001                   (-3.1131674219833281,0.0000000000000000)
   1.3600000000000001                   (-1.5629289554795851,0.0000000000000000)
   1.4000000000000001                   (0.11670105449267498,0.0000000000000000)
   1.4399999999999999                    (1.6589145275618984,0.0000000000000000)
   1.4800000000000000                    (2.8342493660547872,0.0000000000000000)
   1.5200000000000000                    (3.5026609896060750,0.0000000000000000)
   1.5600000000000001                    (3.6435146417799018,0.0000000000000000)
   1.6000000000000001                    (3.3562224124646507,0.0000000000000000)
   1.6400000000000001                    (2.8315053103120631,0.0000000000000000)
   1.6799999999999999                    (2.3005177171076734,0.0000000000000000)
   1.7200000000000000                    (1.9745341842930013,0.0000000000000000)
   1.7600000000000000                    (1.9902158394510781,0.0000000000000000)
   1.8000000000000000                    (2.3740729249631904,0.0000000000000000)
   1.8400000000000001                    (3.0349683485285492,0.0000000000000000)
   1.8800000000000001                    (3.7865457295422971,0.0000000000000000)
   1.9199999999999999                    (4.3940371867412455,0.0000000000000000)
   1.9600000000000000                    (4.6338494596393538,0.0000000000000000)
   2.0000000000000000                    (4.3511410091698934,0.0000000000000000)
   2.0400000000000000                    (3.5010764266914611,0.0000000000000000)
   2.0800000000000001                    (2.1634613320272971,0.0000000000000000)
   2.1200000000000001                   (0.52702789846348186,0.0000000000000000)
   2.1600000000000001                   (-1.1528658052418741,0.0000000000000000)
   2.2000000000000002                   (-2.6127935374093170,0.0000000000000000)
   2.2400000000000002                   (-3.6417317266020910,0.0000000000000000)
   2.2800000000000002                   (-4.1286287682835292,0.0000000000000000)
   2.3199999999999998                   (-4.0854478586927723,0.0000000000000000)
   2.3599999999999999                   (-3.6401196320401898,0.0000000000000000)
   2.3999999999999999                   (-3.0012742211141861,0.0000000000000000)
   2.4399999999999999                   (-2.4035893004902729,0.0000000000000000)
   2.4800000000000000                   (-2.0473681143154288,0.0000000000000000)
   2.5200000000000000                   (-2.0473681143154283,0.0000000000000000)
   2.5600000000000001                   (-2.4035893004902755,0.0000000000000000)
   2.6000000000000001                   (-3.0012742211141830,0.0000000000000000)
   2.6400000000000001                   (-3.6401196320401898,0.0000000000000000)
   2.6800000000000002                   (-4.0854478586927758,0.0000000000000000)
   2.7200000000000002                   (-4.1286287682835328,0.0000000000000000)
   2.7600000000000002                   (-3.6417317266020941,0.0000000000000000)
   2.8000000000000003                   (-2.6127935374093187,0.0000000000000000)
   2.8399999999999999                   (-1.1528658052418754,0.0000000000000000)
   2.8799999999999999                   (0.52702789846348064,0.0000000000000000)
   2.9199999999999999                    (2.1634613320272895,0.0000000000000000)
   2.9600000000000000                    (3.5010764266914594,0.0000000000000000)
   3.0000000000000000                    (4.3511410091698970,0.0000000000000000)
   3.0400000000000000                    (4.6338494596393618,0.0000000000000000)
   3.0800000000000001                    (4.3940371867412455,0.0000000000000000)
   3.1200000000000001                    (3.7865457295423037,0.0000000000000000)
   3.1600000000000001                    (3.0349683485285484,0.0000000000000000)
   3.2000000000000002                    (2.3740729249631931,0.0000000000000000)
   3.2400000000000002                    (1.9902158394510794,0.0000000000000000)
   3.2800000000000002                    (1.9745341842929960,0.0000000000000000)
   3.3200000000000003                    (2.3005177171076836,0.0000000000000000)
   3.3599999999999999                    (2.8315053103120627,0.0000000000000000)
   3.3999999999999999                    (3.3562224124646511,0.0000000000000000)
   3.4399999999999999                    (3.6435146417798996,0.0000000000000000)
   3.4800000000000000                    (3.5026609896060732,0.0000000000000000)
   3.5200000000000000                    (2.8342493660547845,0.0000000000000000)
   3.5600000000000001                    (1.6589145275618968,0.0000000000000000)
   3.6000000000000001                   (0.11670105449267942,0.0000000000000000)
   3.6400000000000001                   (-1.5629289554795871,0.0000000000000000)
   3.6800000000000002                   (-3.1131674219833361,0.0000000000000000)
   3.7200000000000002                   (-4.2912741625549264,0.0000000000000000)
   3.7600000000000002                   (-4.9342818720616535,0.0000000000000000)
   3.8000000000000003                   (-4.9953456907579596,0.0000000000000000)
   3.8399999999999999                   (-4.5518674104679739,0.0000000000000000)
   3.8799999999999999                   (-3.7834914552141483,0.0000000000000000)
   3.9199999999999999                   (-2.9255043006043691,0.0000000000000000)
   3.9600000000000000                   (-2.2092323426988774,0.0000000000000000)
   4.0000000000000000                   (-1.8042260651806150,0.0000000000000000)
   4.0400000000000000                   (-1.7765515456520899,0.0000000000000000)
   4.0800000000000001                   (-2.0735001385884848,0.0000000000000000)
   4.1200000000000001                   (-2.5384664306783775,0.0000000000000000)
   4.1600000000000001                   (-2.9522571029753357,0.0000000000000000)
   4.2000000000000002                   (-3.0905321994886075,0.0000000000000000)
   4.2400000000000002                   (-2.7830693246865801,0.0000000000000000)
   4.2800000000000002                   (-1.9600733535498500,0.0000000000000000)
   4.3200000000000003                  (-0.67394562301435446,0.0000000000000000)
   4.3600000000000003                   (0.90901181005737697,0.0000000000000000)
   4.4000000000000004                    (2.5450486851567651,0.0000000000000000)
   4.4400000000000004                    (3.9687027000056272,0.0000000000000000)
   4.4800000000000004                    (4.9541718452016754,0.0000000000000000)
   4.5200000000000005                    (5.3672729470318714,0.0000000000000000)
   4.5600000000000005                    (5.1952530246692783,0.0000000000000000)
   4.6000000000000005                    (4.5471829916646396,0.0000000000000000)
   4.6399999999999997                    (3.6249215476438112,0.0000000000000000)
   4.6799999999999997                    (2.6718957973340953,0.0000000000000000)
   4.7199999999999998                    (1.9124091717949563,0.0000000000000000)
   4.7599999999999998                    (1.4965056160491508,0.0000000000000000)
   4.7999999999999998                    (1.4640189823532577,0.0000000000000000)
   4.8399999999999999                    (1.7366652631476454,0.0000000000000000)
   4.8799999999999999                    (2.1400738456016679,0.0000000000000000)
   4.9199999999999999                    (2.4502252826560564,0.0000000000000000)
   4.9600000000000000                    (2.4527055959888271,0.0000000000000000)
   5.0000000000000000                    (2.0000000000000036,0.0000000000000000)
   5.0400000000000000                    (1.0525211241866257,0.0000000000000000)
   5.0800000000000001                  (-0.30691810274006781,0.0000000000000000)
   5.1200000000000001                   (-1.8889117674844169,0.0000000000000000)
   5.1600000000000001                   (-3.4397824294079276,0.0000000000000000)
   5.2000000000000002                   (-4.7000869598530430,0.0000000000000000)
   5.2400000000000002                   (-5.4649644213070623,0.0000000000000000)
   5.2800000000000002                   (-5.6315151153479572,0.0000000000000000)
   5.3200000000000003                   (-5.2215917563288468,0.0000000000000000)
   5.3600000000000003                   (-4.3744468059867136,0.0000000000000000)
   5.4000000000000004                   (-3.3111150141648649,0.0000000000000000)
   5.4400000000000004                   (-2.2793785149836143,0.0000000000000000)
   5.4800000000000004                   (-1.4929403025173456,0.0000000000000000)
   5.5200000000000005                   (-1.0798392006871573,0.0000000000000000)
   5.5600000000000005                   (-1.0528281903199834,0.0000000000000000)
   5.6000000000000005                   (-1.3089807076569668,0.0000000000000000)
   5.6399999999999997                   (-1.6585370684002703,0.0000000000000000)
   5.6799999999999997                   (-1.8757503359804255,0.0000000000000000)
   5.7199999999999998                   (-1.7590325900031509,0.0000000000000000)
   5.7599999999999998                   (-1.1853894805713387,0.0000000000000000)
   5.7999999999999998                  (-0.14553577801118478,0.0000000000000000)
   5.8399999999999999                    (1.2491399367150278,0.0000000000000000)
   5.8799999999999999                    (2.7896285087956443,0.0000000000000000)
   5.9199999999999999                    (4.2168073185044719,0.0000000000000000)
   5.9600000000000000                    (5.2817782658275387,0.0000000000000000)
   6.0000000000000000                    (5.8042260651806172,0.0000000000000000)
   6.0400000000000000                    (5.7144590628743366,0.0000000000000000)
   6.0800000000000001                    (5.0688114805203650,0.0000000000000000)
   6.1200000000000001                    (4.0346535333313964,0.0000000000000000)
   6.1600000000000001                    (2.8487502442076851,0.0000000000000000)
   6.2000000000000002                    (1.7592777132581743,0.0000000000000000)
   6.2400000000000002                   (0.96582306680373931,0.0000000000000000)
   6.2800000000000002                   (0.57216821900192194,0.0000000000000000)
   6.3200000000000003                   (0.56347146298857531,0.0000000000000000)
   6.3600000000000003                   (0.81340369713670380,0.0000000000000000)
   6.4000000000000004                    (1.1193669230071075,0.0000000000000000)
   6.4400000000000004                    (1.2569599821237252,0.0000000000000000)
   6.4800000000000004                    (1.0400832784597369,0.0000000000000000)
   6.5200000000000005                   (0.37167165490845000,0.0000000000000000)
   6.5600000000000005                  (-0.72764013209422806,0.0000000000000000)
   6.6000000000000005                   (-2.1201544349648587,0.0000000000000000)
   6.6400000000000006                   (-3.5810305686549664,0.0000000000000000)
   6.6799999999999997                   (-4.8502136761024452,0.0000000000000000)
   6.7199999999999998                   (-5.6936401278460043,0.0000000000000000)
   6.7599999999999998                   (-5.9586746447089896,0.0000000000000000)
   6.7999999999999998                   (-5.6101409024629856,0.0000000000000000)
   6.8399999999999999                   (-4.7380855147888523,0.0000000000000000)
   6.8799999999999999                   (-3.5353836514250676,0.0000000000000000)
   6.9199999999999999                   (-2.2507300068252789,0.0000000000000000)
   6.9600000000000000                   (-1.1286227394639032,0.0000000000000000)
   7.0000000000000000                  (-0.35114100916989655,0.0000000000000000)
   7.0400000000000000              (4.15029348400897113E-003,0.0000000000000000)
   7.0800000000000001             (-2.01541521113230981E-002,0.0000000000000000)
   7.1200000000000001                  (-0.27586582034623131,0.0000000000000000)
   7.1600000000000001                  (-0.55025136101842265,0.0000000000000000)
   7.2000000000000002                  (-0.62327444009046806,0.0000000000000000)
   7.2400000000000002                  (-0.32672707865582806,0.0000000000000000)
   7.2800000000000002                   (0.40952282473052892,0.0000000000000000)
   7.3200000000000003                    (1.5357518996980206,0.0000000000000000)
   7.3600000000000003                    (2.8905943736972928,0.0000000000000000)
   7.4000000000000004                    (4.2373421986139652,0.0000000000000000)
   7.4400000000000004                    (5.3194638101759129,0.0000000000000000)
   7.4800000000000004                    (5.9217007588299539,0.0000000000000000)
   7.5200000000000005                    (5.9217007588299504,0.0000000000000000)
   7.5600000000000005                    (5.3194638101759217,0.0000000000000000)
   7.6000000000000005                    (4.2373421986139777,0.0000000000000000)
   7.6400000000000006                    (2.8905943736973048,0.0000000000000000)
   7.6799999999999997                    (1.5357518996980073,0.0000000000000000)
   7.7199999999999998                   (0.40952282473050805,0.0000000000000000)
   7.7599999999999998                  (-0.32672707865582074,0.0000000000000000)
   7.7999999999999998                  (-0.62327444009049426,0.0000000000000000)
   7.8399999999999999                  (-0.55025136101842564,0.0000000000000000)
   7.8799999999999999                  (-0.27586582034626406,0.0000000000000000)
   7.9199999999999999             (-2.01541521113017819E-002,0.0000000000000000)
   7.9600000000000000              (4.15029348398565645E-003,0.0000000000000000)
