   0.0000000000000000                    (2.0000000000000000,0.0000000000000000)
   4.0000000000000001E-002               (2.9886813375875168,0.0000000000000000)
   8.0000000000000002E-002               (3.4227945991278856,0.0000000000000000)
  0.12000000000000000                    (3.3616490165584163,0.0000000000000000)
  0.16000000000000000                    (2.9526674820504688,0.0000000000000000)
  0.20000000000000001                    (2.3819660112501051,0.0000000000000000)
  0.23999999999999999                    (1.8199966625516588,0.0000000000000000)
  0.28000000000000003                    (1.3765150057232869,0.0000000000000000)
  0.32000000000000001                    (1.0762930296725139,0.0000000000000000)
  0.35999999999999999                   (0.86130534832834083,0.0000000000000000)
  0.40000000000000002                   (0.61803398874989490,0.0000000000000000)
  0.44000000000000000                   (0.22186927734303152,0.0000000000000000)
  0.47999999999999998                  (-0.41397468691262973,0.0000000000000000)
  0.52000000000000002                   (-1.2989016552425272,0.0000000000000000)
  0.56000000000000005                   (-2.3462888103377910,0.0000000000000000)
  0.59999999999999998                   (-3.3819660112501047,0.0000000000000000)
  0.64000000000000001                   (-4.1789886943520642,0.0000000000000000)
  0.68000000000000005                   (-4.5109159569971711,0.0000000000000000)
  0.71999999999999997                   (-4.2106939809463961,0.0000000000000000)
  0.76000000000000001                   (-3.2202973801287467,0.0000000000000000)
  0.80000000000000004                   (-1.6180339887498962,0.0000000000000000)
  0.83999999999999997                   (0.38450939436964726,0.0000000000000000)
  0.88000000000000000                    (2.4767220482285195,0.0000000000000000)
  0.92000000000000004                    (4.3077215674577847,0.0000000000000000)
  0.95999999999999996                    (5.5568394252683415,0.0000000000000000)
   1.0000000000000000                    (6.0000000000000000,0.0000000000000000)
   1.0400000000000000                    (5.5568394252683415,0.0000000000000000)
   1.0800000000000001                    (4.3077215674577856,0.0000000000000000)
   1.1200000000000001                    (2.4767220482285204,0.0000000000000000)
   1.1599999999999999                   (0.38450939436964493,0.0000000000000000)
   1.2000000000000000                   (-1.6180339887498927,0.0000000000000000)
   1.2400000000000000                   (-3.2202973801287436,0.0000000000000000)
   1.2800000000000000                   (-4.2106939809463935,0.0000000000000000)
   1.3200000000000001                   (-4.5109159569971657,0.0000000000000000)
   1.3600000000000001                   (-4.1789886943520589,0.0000000000000000)
   1.4000000000000001                   (-3.3819660112501064,0.0000000000000000)
   1.4399999999999999                   (-2.3462888103377919,0.0000000000000000)
   1.4800000000000000                   (-1.2989016552425281,0.0000000000000000)
   1.5200000000000000                  (-0.41397468691263062,0.0000000000000000)
   1.5600000000000001                   (0.22186927734303352,0.0000000000000000)
   1.6000000000000001                   (0.61803398874989435,0.0000000000000000)
   1.6400000000000001                   (0.86130534832834571,0.0000000000000000)
   1.6799999999999999                    (1.0762930296725162,0.0000000000000000)
   1.7200000000000000                    (1.3765150057232873,0.0000000000000000)
   1.7600000000000000                    (1.8199966625516599,0.0000000000000000)
   1.8000000000000000                    (2.3819660112501042,0.0000000000000000)
   1.8400000000000001                    (2.9526674820504670,0.0000000000000000)
   1.8800000000000001                    (3.3616490165584190,0.0000000000000000)
   1.9199999999999999                    (3.4227945991278896,0.0000000000000000)
   1.9600000000000000                    (2.9886813375875176,0.0000000000000000)
   2.0000000000000000                    (2.0000000000000027,0.0000000000000000)
   2.0400000000000000                   (0.51654538258793337,0.0000000000000000)
   2.0800000000000001                   (-1.2794874192118977,0.0000000000000000)
   2.1200000000000001                   (-3.1104869384411677,0.0000000000000000)
   2.1600000000000001                   (-4.6557846483107559,0.0000000000000000)
   2.2000000000000002                   (-5.6180339887498976,0.0000000000000000)
   2.2400000000000002                   (-5.7884554678095705,0.0000000000000000)
   2.2800000000000002                   (-5.0956209492762925,0.0000000000000000)
   2.3199999999999998                   (-3.6259889886672729,0.0000000000000000)
   2.3599999999999999                   (-1.6108306066712386,0.0000000000000000)
   2.3999999999999999                   (0.61803398874988968,0.0000000000000000)
   2.4399999999999999                    (2.6940052323426160,0.0000000000000000)
   2.4800000000000000                    (4.2883073314271503,0.0000000000000000)
   2.5200000000000000                    (5.1732342997570537,0.0000000000000000)
   2.5600000000000001                    (5.2621633200234346,0.0000000000000000)
   2.6000000000000001                    (4.6180339887498976,0.0000000000000000)
   2.6400000000000001                    (3.4294634360091605,0.0000000000000000)
   2.6800000000000002                    (1.9612199980024165,0.0000000000000000)
   2.7200000000000002                   (0.49158803739338919,0.0000000000000000)
   2.7600000000000002                  (-0.74816142512916906,0.0000000000000000)
   2.8000000000000003                   (-1.6180339887498931,0.0000000000000000)
   2.8399999999999999                   (-2.0876265606299196,0.0000000000000000)
   2.8799999999999999                   (-2.2255599701112629,0.0000000000000000)
   2.9199999999999999                   (-2.1644143875418029,0.0000000000000000)
   2.9600000000000000                   (-2.0516127050928850,0.0000000000000000)
   3.0000000000000000                   (-2.0000000000000000,0.0000000000000000)
   3.0400000000000000                   (-2.0516127050928841,0.0000000000000000)
   3.0800000000000001                   (-2.1644143875417940,0.0000000000000000)
   3.1200000000000001                   (-2.2255599701112629,0.0000000000000000)
   3.1600000000000001                   (-2.0876265606299342,0.0000000000000000)
   3.2000000000000002                   (-1.6180339887498969,0.0000000000000000)
   3.2400000000000002                  (-0.74816142512917549,0.0000000000000000)
   3.2800000000000002                   (0.49158803739338119,0.0000000000000000)
   3.3200000000000003                    (1.9612199980024183,0.0000000000000000)
   3.3599999999999999                    (3.4294634360091703,0.0000000000000000)
   3.3999999999999999                    (4.6180339887498913,0.0000000000000000)
   3.4399999999999999                    (5.2621633200234328,0.0000000000000000)
   3.4800000000000000                    (5.1732342997570502,0.0000000000000000)
   3.5200000000000000                    (4.2883073314271485,0.0000000000000000)
   3.5600000000000001                    (2.6940052323426222,0.0000000000000000)
   3.6000000000000001                   (0.61803398874990267,0.0000000000000000)
   3.6400000000000001                   (-1.6108306066712323,0.0000000000000000)
   3.6800000000000002                   (-3.6259889886672791,0.0000000000000000)
   3.7200000000000002                   (-5.0956209492762827,0.0000000000000000)
   3.7600000000000002                   (-5.7884554678095679,0.0000000000000000)
   3.8000000000000003                   (-5.6180339887498967,0.0000000000000000)
   3.8399999999999999                   (-4.6557846483107568,0.0000000000000000)
   3.8799999999999999                   (-3.1104869384411709,0.0000000000000000)
   3.9199999999999999                   (-1.2794874192119090,0.0000000000000000)
   3.9600000000000000                   (0.51654538258794047,0.0000000000000000)
   4.0000000000000000                    (1.9999999999999951,0.0000000000000000)
   4.0400000000000000                    (2.9886813375875034,0.0000000000000000)
   4.0800000000000001                    (3.4227945991278945,0.0000000000000000)
   4.1200000000000001                    (3.3616490165584327,0.0000000000000000)
   4.1600000000000001                    (2.9526674820504661,0.0000000000000000)
   4.2000000000000002                    (2.3819660112500993,0.0000000000000000)
   4.2400000000000002                    (1.8199966625516553,0.0000000000000000)
   4.2800000000000002                    (1.3765150057232767,0.0000000000000000)
   4.3200000000000003                    (1.0762930296725122,0.0000000000000000)
   4.3600000000000003                   (0.86130534832832617,0.0000000000000000)
   4.4000000000000004                   (0.61803398874989546,0.0000000000000000)
   4.4400000000000004                   (0.22186927734302109,0.0000000000000000)
   4.4800000000000004                  (-0.41397468691262618,0.0000000000000000)
   4.5200000000000005                   (-1.2989016552425265,0.0000000000000000)
   4.5600000000000005                   (-2.3462888103377848,0.0000000000000000)
   4.6000000000000005                   (-3.3819660112501144,0.0000000000000000)
   4.6399999999999997                   (-4.1789886943520695,0.0000000000000000)
   4.6799999999999997                   (-4.5109159569971666,0.0000000000000000)
   4.7199999999999998                   (-4.2106939809463864,0.0000000000000000)
   4.7599999999999998                   (-3.2202973801287591,0.0000000000000000)
   4.7999999999999998                   (-1.6180339887499033,0.0000000000000000)
   4.8399999999999999                   (0.38450939436964904,0.0000000000000000)
   4.8799999999999999                    (2.4767220482285239,0.0000000000000000)
   4.9199999999999999                    (4.3077215674577687,0.0000000000000000)
   4.9600000000000000                    (5.5568394252683326,0.0000000000000000)
   5.0000000000000000                    (6.0000000000000000,0.0000000000000000)
   5.0400000000000000                    (5.5568394252683371,0.0000000000000000)
   5.0800000000000001                    (4.3077215674577927,0.0000000000000000)
   5.1200000000000001                    (2.4767220482285177,0.0000000000000000)
   5.1600000000000001                   (0.38450939436964304,0.0000000000000000)
   5.2000000000000002                   (-1.6180339887498711,0.0000000000000000)
   5.2400000000000002                   (-3.2202973801287351,0.0000000000000000)
   5.2800000000000002                   (-4.2106939809463855,0.0000000000000000)
   5.3200000000000003                   (-4.5109159569971649,0.0000000000000000)
   5.3600000000000003                   (-4.1789886943520571,0.0000000000000000)
   5.4000000000000004                   (-3.3819660112501104,0.0000000000000000)
   5.4400000000000004                   (-2.3462888103377812,0.0000000000000000)
   5.4800000000000004                   (-1.2989016552425412,0.0000000000000000)
   5.5200000000000005                  (-0.41397468691262551,0.0000000000000000)
   5.5600000000000005                   (0.22186927734301998,0.0000000000000000)
   5.6000000000000005                   (0.61803398874989324,0.0000000000000000)
   5.6399999999999997                   (0.86130534832835148,0.0000000000000000)
   5.6799999999999997                    (1.0762930296724869,0.0000000000000000)
   5.7199999999999998                    (1.3765150057232933,0.0000000000000000)
   5.7599999999999998                    (1.8199966625516562,0.0000000000000000)
   5.7999999999999998                    (2.3819660112501015,0.0000000000000000)
   5.8399999999999999                    (2.9526674820504564,0.0000000000000000)
   5.8799999999999999                    (3.3616490165584363,0.0000000000000000)
   5.9199999999999999                    (3.4227945991278963,0.0000000000000000)
   5.9600000000000000                    (2.9886813375875168,0.0000000000000000)
   6.0000000000000000                    (1.9999999999999931,0.0000000000000000)
   6.0400000000000000                   (0.51654538258795690,0.0000000000000000)
   6.0800000000000001                   (-1.2794874192118784,0.0000000000000000)
   6.1200000000000001                   (-3.1104869384411682,0.0000000000000000)
   6.1600000000000001                   (-4.6557846483107612,0.0000000000000000)
   6.2000000000000002                   (-5.6180339887498913,0.0000000000000000)
   6.2400000000000002                   (-5.7884554678095714,0.0000000000000000)
   6.2800000000000002                   (-5.0956209492762996,0.0000000000000000)
   6.3200000000000003                   (-3.6259889886672627,0.0000000000000000)
   6.3600000000000003                   (-1.6108306066712537,0.0000000000000000)
   6.4000000000000004                   (0.61803398874988102,0.0000000000000000)
   6.4400000000000004                    (2.6940052323426036,0.0000000000000000)
   6.4800000000000004                    (4.2883073314271325,0.0000000000000000)
   6.5200000000000005                    (5.1732342997570653,0.0000000000000000)
   6.5600000000000005                    (5.2621633200234550,0.0000000000000000)
   6.6000000000000005                    (4.6180339887499011,0.0000000000000000)
   6.6400000000000006                    (3.4294634360091472,0.0000000000000000)
   6.6799999999999997                    (1.9612199980024112,0.0000000000000000)
   6.7199999999999998                   (0.49158803739337165,0.0000000000000000)
   6.7599999999999998                  (-0.74816142512916484,0.0000000000000000)
   6.7999999999999998                   (-1.6180339887498760,0.0000000000000000)
   6.8399999999999999                   (-2.0876265606299587,0.0000000000000000)
   6.8799999999999999                   (-2.2255599701112772,0.0000000000000000)
   6.9199999999999999                   (-2.1644143875418327,0.0000000000000000)
   6.9600000000000000                   (-2.0516127050928894,0.0000000000000000)
   7.0000000000000000                   (-2.0000000000000000,0.0000000000000000)
   7.0400000000000000                   (-2.0516127050928752,0.0000000000000000)
   7.0800000000000001                   (-2.1644143875418060,0.0000000000000000)
   7.1200000000000001                   (-2.2255599701112887,0.0000000000000000)
   7.1600000000000001                   (-2.0876265606299218,0.0000000000000000)
   7.2000000000000002                   (-1.6180339887498996,0.0000000000000000)
   7.2400000000000002                  (-0.74816142512919304,0.0000000000000000)
   7.2800000000000002                   (0.49158803739338741,0.0000000000000000)
   7.3200000000000003                    (1.9612199980024039,0.0000000000000000)
   7.3600000000000003                    (3.4294634360091694,0.0000000000000000)
   7.4000000000000004                    (4.6180339887498878,0.0000000000000000)
   7.4400000000000004                    (5.2621633200234363,0.0000000000000000)
   7.4800000000000004                    (5.1732342997570475,0.0000000000000000)
   7.5200000000000005                    (4.2883073314271609,0.0000000000000000)
   7.5600000000000005                    (2.6940052323426427,0.0000000000000000)
   7.6000000000000005                   (0.61803398874989701,0.0000000000000000)
   7.6400000000000006                   (-1.6108306066712104,0.0000000000000000)
   7.6799999999999997                   (-3.6259889886672720,0.0000000000000000)
   7.7199999999999998                   (-5.0956209492762925,0.0000000000000000)
   7.7599999999999998                   (-5.7884554678095625,0.0000000000000000)
   7.7999999999999998                   (-5.6180339887498993,0.0000000000000000)
   7.8399999999999999                   (-4.6557846483107745,0.0000000000000000)
   7.8799999999999999                   (-3.1104869384411833,0.0000000000000000)
   7.9199999999999999                   (-1.2794874192118928,0.0000000000000000)
   7.9600000000000000                   (0.51654538258792027,0.0000000000000000)
