   0.0000000000000000                    (3.0000000000000000,0.0000000000000000)
   4.0000000000000001E-002               (3.2469540288814858,0.0000000000000000)
   8.0000000000000002E-002               (2.7830508895219359,0.0000000000000000)
  0.12000000000000000                    (1.8064055473378349,0.0000000000000000)
  0.16000000000000000                   (0.62477515789508886,0.0000000000000000)
  0.20000000000000001                  (-0.42705098312484191,0.0000000000000000)
  0.23999999999999999                   (-1.0742310713531262,0.0000000000000000)
  0.28000000000000003                   (-1.1712954689148596,0.0000000000000000)
  0.32000000000000001                  (-0.73670146466112207,0.0000000000000000)
  0.35999999999999999              (5.58900449927210996E-002,0.0000000000000000)
  0.40000000000000002                   (0.92705098312484191,0.0000000000000000)
  0.44000000000000000                    (1.5688718935143382,0.0000000000000000)
  0.47999999999999998                    (1.7301789788009476,0.0000000000000000)
  0.52000000000000002                    (1.2877154946359985,0.0000000000000000)
  0.56000000000000005                   (0.28479284967392737,0.0000000000000000)
  0.59999999999999998                   (-1.0729490168751568,0.0000000000000000)
  0.64000000000000001                   (-2.4642569763474822,0.0000000000000000)
  0.68000000000000005                   (-3.5303059579959664,0.0000000000000000)
  0.71999999999999997                   (-3.9648999622497012,0.0000000000000000)
  0.76000000000000001                   (-3.5943780926933293,0.0000000000000000)
  0.80000000000000004                   (-2.4270509831248437,0.0000000000000000)
  0.83999999999999997                  (-0.65930388594532108,0.0000000000000000)
  0.88000000000000000                    (1.3639420631728849,0.0000000000000000)
  0.92000000000000004                    (3.2255143736868854,0.0000000000000000)
  0.95999999999999996                    (4.5310330727218986,0.0000000000000000)
   1.0000000000000000                    (5.0000000000000000,0.0000000000000000)
   1.0400000000000000                    (4.5310330727218977,0.0000000000000000)
   1.0800000000000001                    (3.2255143736868872,0.0000000000000000)
   1.1200000000000001                    (1.3639420631728874,0.0000000000000000)
   1.1599999999999999                  (-0.65930388594532374,0.0000000000000000)
   1.2000000000000000                   (-2.4270509831248406,0.0000000000000000)
   1.2400000000000000                   (-3.5943780926933271,0.0000000000000000)
   1.2800000000000000                   (-3.9648999622496994,0.0000000000000000)
   1.3200000000000001                   (-3.5303059579959601,0.0000000000000000)
   1.3600000000000001                   (-2.4642569763474742,0.0000000000000000)
   1.4000000000000001                   (-1.0729490168751596,0.0000000000000000)
   1.4399999999999999                   (0.28479284967392693,0.0000000000000000)
   1.4800000000000000                    (1.2877154946359988,0.0000000000000000)
   1.5200000000000000                    (1.7301789788009481,0.0000000000000000)
   1.5600000000000001                    (1.5688718935143418,0.0000000000000000)
   1.6000000000000001                   (0.92705098312484358,0.0000000000000000)
   1.6400000000000001              (5.58900449927307585E-002,0.0000000000000000)
   1.6799999999999999                  (-0.73670146466112230,0.0000000000000000)
   1.7200000000000000                   (-1.1712954689148576,0.0000000000000000)
   1.7600000000000000                   (-1.0742310713531260,0.0000000000000000)
   1.8000000000000000                  (-0.42705098312484369,0.0000000000000000)
   1.8400000000000001                   (0.62477515789508797,0.0000000000000000)
   1.8800000000000001                    (1.8064055473378371,0.0000000000000000)
   1.9199999999999999                    (2.7830508895219399,0.0000000000000000)
   1.9600000000000000                    (3.2469540288814844,0.0000000000000000)
   2.0000000000000000                    (3.0000000000000013,0.0000000000000000)
   2.0400000000000000                    (2.0108860513816942,0.0000000000000000)
   2.0800000000000001                   (0.43190988035204381,0.0000000000000000)
   2.1200000000000001                   (-1.4296624301619594,0.0000000000000000)
   2.1600000000000001                   (-3.1794509072855197,0.0000000000000000)
   2.2000000000000002                   (-4.4270509831248468,0.0000000000000000)
   2.2400000000000002                   (-4.8784571365337408,0.0000000000000000)
   2.2800000000000002                   (-4.4073634464146512,0.0000000000000000)
   2.3199999999999998                   (-3.0878424738310146,0.0000000000000000)
   2.3599999999999999                   (-1.1801779325070720,0.0000000000000000)
   2.3999999999999999                   (0.92705098312483736,0.0000000000000000)
   2.4399999999999999                    (2.8049398710141302,0.0000000000000000)
   2.4800000000000000                    (4.0813199879708364,0.0000000000000000)
   2.5200000000000000                    (4.5237834721357881,0.0000000000000000)
   2.5600000000000001                    (4.0890189148545382,0.0000000000000000)
   2.6000000000000001                    (2.9270509831248459,0.0000000000000000)
   2.6400000000000001                    (1.3399690888331250,0.0000000000000000)
   2.6800000000000002                  (-0.29423798049617123,0.0000000000000000)
   2.7200000000000002                   (-1.6137589530798113,0.0000000000000000)
   2.7600000000000002                   (-2.3583101151935399,0.0000000000000000)
   2.8000000000000003                   (-2.4270509831248428,0.0000000000000000)
   2.8399999999999999                   (-1.8953718634451000,0.0000000000000000)
   2.8799999999999999                  (-0.98719894599700475,0.0000000000000000)
   2.9199999999999999             (-1.05536038129132592E-002,0.0000000000000000)
   2.9600000000000000                   (0.72680700754128602,0.0000000000000000)
   3.0000000000000000                    (1.0000000000000000,0.0000000000000000)
   3.0400000000000000                   (0.72680700754128935,0.0000000000000000)
   3.0800000000000001             (-1.05536038129037113E-002,0.0000000000000000)
   3.1200000000000001                  (-0.98719894599699887,0.0000000000000000)
   3.1600000000000001                   (-1.8953718634451149,0.0000000000000000)
   3.2000000000000002                   (-2.4270509831248410,0.0000000000000000)
   3.2400000000000002                   (-2.3583101151935422,0.0000000000000000)
   3.2800000000000002                   (-1.6137589530798178,0.0000000000000000)
   3.3200000000000003                  (-0.29423798049616412,0.0000000000000000)
   3.3599999999999999                    (1.3399690888331381,0.0000000000000000)
   3.3999999999999999                    (2.9270509831248375,0.0000000000000000)
   3.4399999999999999                    (4.0890189148545328,0.0000000000000000)
   3.4800000000000000                    (4.5237834721357872,0.0000000000000000)
   3.5200000000000000                    (4.0813199879708382,0.0000000000000000)
   3.5600000000000001                    (2.8049398710141324,0.0000000000000000)
   3.6000000000000001                   (0.92705098312484957,0.0000000000000000)
   3.6400000000000001                   (-1.1801779325070565,0.0000000000000000)
   3.6800000000000002                   (-3.0878424738310186,0.0000000000000000)
   3.7200000000000002                   (-4.4073634464146423,0.0000000000000000)
   3.7600000000000002                   (-4.8784571365337399,0.0000000000000000)
   3.8000000000000003                   (-4.4270509831248459,0.0000000000000000)
   3.8399999999999999                   (-3.1794509072855197,0.0000000000000000)
   3.8799999999999999                   (-1.4296624301619596,0.0000000000000000)
   3.9199999999999999                   (0.43190988035203293,0.0000000000000000)
   3.9600000000000000                    (2.0108860513816982,0.0000000000000000)
   4.0000000000000000                    (2.9999999999999973,0.0000000000000000)
   4.0400000000000000                    (3.2469540288814764,0.0000000000000000)
   4.0800000000000001                    (2.7830508895219417,0.0000000000000000)
   4.1200000000000001                    (1.8064055473378500,0.0000000000000000)
   4.1600000000000001                   (0.62477515789508620,0.0000000000000000)
   4.2000000000000002                  (-0.42705098312485124,0.0000000000000000)
   4.2400000000000002                   (-1.0742310713531287,0.0000000000000000)
   4.2800000000000002                   (-1.1712954689148649,0.0000000000000000)
   4.3200000000000003                  (-0.73670146466112874,0.0000000000000000)
   4.3600000000000003              (5.58900449927012266E-002,0.0000000000000000)
   4.4000000000000004                   (0.92705098312485190,0.0000000000000000)
   4.4400000000000004                    (1.5688718935143364,0.0000000000000000)
   4.4800000000000004                    (1.7301789788009487,0.0000000000000000)
   4.5200000000000005                    (1.2877154946360010,0.0000000000000000)
   4.5600000000000005                   (0.28479284967393936,0.0000000000000000)
   4.6000000000000005                   (-1.0729490168751716,0.0000000000000000)
   4.6399999999999997                   (-2.4642569763474880,0.0000000000000000)
   4.6799999999999997                   (-3.5303059579959619,0.0000000000000000)
   4.7199999999999998                   (-3.9648999622496932,0.0000000000000000)
   4.7599999999999998                   (-3.5943780926933373,0.0000000000000000)
   4.7999999999999998                   (-2.4270509831248495,0.0000000000000000)
   4.8399999999999999                  (-0.65930388594531741,0.0000000000000000)
   4.8799999999999999                    (1.3639420631728867,0.0000000000000000)
   4.9199999999999999                    (3.2255143736868712,0.0000000000000000)
   4.9600000000000000                    (4.5310330727218870,0.0000000000000000)
   5.0000000000000000                    (5.0000000000000000,0.0000000000000000)
   5.0400000000000000                    (4.5310330727218942,0.0000000000000000)
   5.0800000000000001                    (3.2255143736868916,0.0000000000000000)
   5.1200000000000001                    (1.3639420631728794,0.0000000000000000)
   5.1600000000000001                  (-0.65930388594532441,0.0000000000000000)
   5.2000000000000002                   (-2.4270509831248277,0.0000000000000000)
   5.2400000000000002                   (-3.5943780926933258,0.0000000000000000)
   5.2800000000000002                   (-3.9648999622496914,0.0000000000000000)
   5.3200000000000003                   (-3.5303059579959570,0.0000000000000000)
   5.3600000000000003                   (-2.4642569763474773,0.0000000000000000)
   5.4000000000000004                   (-1.0729490168751652,0.0000000000000000)
   5.4400000000000004                   (0.28479284967394403,0.0000000000000000)
   5.4800000000000004                    (1.2877154946359946,0.0000000000000000)
   5.5200000000000005                    (1.7301789788009483,0.0000000000000000)
   5.5600000000000005                    (1.5688718935143329,0.0000000000000000)
   5.6000000000000005                   (0.92705098312484668,0.0000000000000000)
   5.6399999999999997              (5.58900449927375309E-002,0.0000000000000000)
   5.6799999999999997                  (-0.73670146466114494,0.0000000000000000)
   5.7199999999999998                   (-1.1712954689148580,0.0000000000000000)
   5.7599999999999998                   (-1.0742310713531276,0.0000000000000000)
   5.7999999999999998                  (-0.42705098312484724,0.0000000000000000)
   5.8399999999999999                   (0.62477515789507243,0.0000000000000000)
   5.8799999999999999                    (1.8064055473378562,0.0000000000000000)
   5.9199999999999999                    (2.7830508895219461,0.0000000000000000)
   5.9600000000000000                    (3.2469540288814858,0.0000000000000000)
   6.0000000000000000                    (2.9999999999999964,0.0000000000000000)
   6.0400000000000000                    (2.0108860513817115,0.0000000000000000)
   6.0800000000000001                   (0.43190988035206868,0.0000000000000000)
   6.1200000000000001                   (-1.4296624301619625,0.0000000000000000)
   6.1600000000000001                   (-3.1794509072855259,0.0000000000000000)
   6.2000000000000002                   (-4.4270509831248370,0.0000000000000000)
   6.2400000000000002                   (-4.8784571365337399,0.0000000000000000)
   6.2800000000000002                   (-4.4073634464146592,0.0000000000000000)
   6.3200000000000003                   (-3.0878424738310066,0.0000000000000000)
   6.3600000000000003                   (-1.1801779325070765,0.0000000000000000)
   6.4000000000000004                   (0.92705098312482948,0.0000000000000000)
   6.4400000000000004                    (2.8049398710141169,0.0000000000000000)
   6.4800000000000004                    (4.0813199879708240,0.0000000000000000)
   6.5200000000000005                    (4.5237834721358006,0.0000000000000000)
   6.5600000000000005                    (4.0890189148545701,0.0000000000000000)
   6.6000000000000005                    (2.9270509831248512,0.0000000000000000)
   6.6400000000000006                    (1.3399690888331084,0.0000000000000000)
   6.6799999999999997                  (-0.29423798049618188,0.0000000000000000)
   6.7199999999999998                   (-1.6137589530798186,0.0000000000000000)
   6.7599999999999998                   (-2.3583101151935382,0.0000000000000000)
   6.7999999999999998                   (-2.4270509831248370,0.0000000000000000)
   6.8399999999999999                   (-1.8953718634451358,0.0000000000000000)
   6.8799999999999999                  (-0.98719894599702995,0.0000000000000000)
   6.9199999999999999             (-1.05536038129432352E-002,0.0000000000000000)
   6.9600000000000000                   (0.72680700754128202,0.0000000000000000)
   7.0000000000000000                    (1.0000000000000000,0.0000000000000000)
   7.0400000000000000                   (0.72680700754129557,0.0000000000000000)
   7.0800000000000001             (-1.05536038129183662E-002,0.0000000000000000)
   7.1200000000000001                  (-0.98719894599702207,0.0000000000000000)
   7.1600000000000001                   (-1.8953718634451051,0.0000000000000000)
   7.2000000000000002                   (-2.4270509831248406,0.0000000000000000)
   7.2400000000000002                   (-2.3583101151935502,0.0000000000000000)
   7.2800000000000002                   (-1.6137589530798158,0.0000000000000000)
   7.3200000000000003                  (-0.29423798049617433,0.0000000000000000)
   7.3600000000000003                    (1.3399690888331341,0.0000000000000000)
   7.4000000000000004                    (2.9270509831248317,0.0000000000000000)
   7.4400000000000004                    (4.0890189148545319,0.0000000000000000)
   7.4800000000000004                    (4.5237834721357881,0.0000000000000000)
   7.5200000000000005                    (4.0813199879708417,0.0000000000000000)
   7.5600000000000005                    (2.8049398710141453,0.0000000000000000)
   7.6000000000000005                   (0.92705098312485035,0.0000000000000000)
   7.6400000000000006                   (-1.1801779325070414,0.0000000000000000)
   7.6799999999999997                   (-3.0878424738310226,0.0000000000000000)
   7.7199999999999998                   (-4.4073634464146503,0.0000000000000000)
   7.7599999999999998                   (-4.8784571365337372,0.0000000000000000)
   7.7999999999999998                   (-4.4270509831248486,0.0000000000000000)
   7.8399999999999999                   (-3.1794509072855446,0.0000000000000000)
   7.8799999999999999                   (-1.4296624301619840,0.0000000000000000)
   7.9199999999999999                   (0.43190988035204980,0.0000000000000000)
   7.9600000000000000                    (2.0108860513816862,0.0000000000000000)
